Alpha,LOD0_Mean,LOD1_Mean,LOD2_Mean,LOD3_Mean,LOD4_Mean,LOD5_Mean,LOD6_Mean,LOD7_Mean,LOD8_Mean,LOD9_Mean,LOD10_Mean,LOD11_Mean,LOD12_Mean,LOD13_Mean,LOD14_Mean
0.10,4.0,4.0,4.0,4.0,4.5,4.5,4.5,4.5,4.5,4.5,4.0,4.0,4.0,4.0,4.0
0.20,5.0,5.0,5.0,5.0,5.0,4.5,4.5,4.5,4.5,4.5,4.5,4.5,4.0,4.0,4.0
0.30,6.0,5.5,5.5,5.5,5.5,5.0,5.0,5.0,5.0,4.5,4.5,4.5,4.5,4.5,4.5
0.40,6.5,6.5,6.0,6.0,6.0,6.0,5.5,5.5,5.0,5.0,5.0,4.5,4.5,4.5,4.5
0.50,7.5,7.0,6.5,6.5,6.5,6.5,6.0,6.0,6.0,6.5,7.0,7.0,7.0,7.0,7.0
0.60,8.0,7.5,7.0,7.0,6.5,6.5,6.5,6.5,6.5,7.0,9.0,11.5,11.5,11.5,11.5
0.70,8.5,8.0,7.5,7.0,7.0,7.0,7.0,7.0,7.0,11.5,11.5,11.5,11.5,12.0,12.0
0.80,9.5,8.5,8.0,8.0,7.5,7.5,9.5,9.5,11.5,11.5,12.0,12.0,12.0,12.0,12.0
0.90,10.0,9.5,9.0,9.0,9.0,9.0,11.5,11.5,12.0,12.0,12.0,12.0,12.0,12.0,12.0
